0000000010111111111111111111000000000000000000000000000000000000011111111111111111000000
0000000010111111111111111111000000000000000000000000000000000000011111111111111111000000
0000000010111111111111111111000000000000000000000000000000000000011111111111111111000000
0000000010111111111111111111000000000000000000000000000000000000011111111111111111000000
0000000010111111111111111111000000000000000000000000000000000000011111111111111111000000
Temos ets aqui uai sor.
0000000010111111111111111111000000000000000000000000000000000000011111111111111111000000
Quremos destruir toda a humanidade.
0000000010111111111111111111000000000000000000000000000000000000011111111111111111000000
0000000010111111111111111111000000000000000000000000000000000000011111111111111111000000
0000000010111111111111111111000000000000000000000000000000000000011111111111111111000000
0000000010111111111111111111000000000000000000000000000000000000011111111111111111000000
0000000010111111111111111111000000000000000000000000000000000000011111111111111111000000
0000000010111111111111111111000000000000000000000000000000000000011111111111111111000000
0000000010111111111111111111000000000000000000000000000000000000011111111111111111000000
0000000000000000000000000000000000000000000000000000000000000000000000000000000000000000
0000000000000000000000000000000000000000000000000000000000000000000000000000000000000000
0000000000000000000000000000000000000000000000000000000000000000000000000000000000000000
0000000000000000000000000000001111111111111111111111111111111111000000000000000000000000
0000000000000000000000000000011111111111111111111111111111111111100000000000000000000000
0000000000000000000000000000110111111111111111111111111111111110110000000000000000000000
0000000000000000000000000001100111111111111111111111111111111110011000000000000000000000
0000000000000000000000000011000111111111111111111111111111111110001100000000000000000000
0000000000000000000000001100000111111111111111111111111111111110000011000000000000000000
0000000000000000000000110000000111111111111111111111111111111110000001100000000000000000
0000000000000000000011000000000000000000000000000000000000000000000000011000000000000000
0000000000000000001100000000000000000000000000000000000000000000000000000110000000000000
0000000000000001110000000000000000000000000000000000000000000000000000000001110000000000